participant_id,date,age,gender,height_cm,weight_kg,activity_type,duration_minutes,intensity,calories_burned,avg_heart_rate,hours_sleep,stress_level,daily_steps,hydration_level,bmi,resting_heart_rate,blood_pressure_systolic,blood_pressure_diastolic,health_condition,smoking_status,fitness_level
1618.0,2024-12,32.0,0,162.3,108.21,#TODO,77.13,1.07,20.7,136.53,7.47,4.67,7695.53,2.3,19.4,66.6,104.2,75.8,#TODO,#TODO,17.87
