participant_id,date,age,gender,height_cm,weight_kg,activity_type,duration_minutes,intensity,calories_burned,avg_heart_rate,hours_sleep,stress_level,daily_steps,hydration_level,bmi,resting_heart_rate,blood_pressure_systolic,blood_pressure_diastolic,health_condition,smoking_status,fitness_level
1694,9,22,M,180.8,133.62,Cycling,63,Medium,26,149,7.22,5.17,6466,2.57,27.9,64,127,89,None,Never,13.27
