participant_id,date,age,gender,height_cm,weight_kg,activity_type,duration_minutes,intensity,calories_burned,avg_heart_rate,hours_sleep,stress_level,daily_steps,hydration_level,bmi,resting_heart_rate,blood_pressure_systolic,blood_pressure_diastolic,health_condition,smoking_status,fitness_level
133,12,41,M,176.7,106.29,Yoga,76,Medium,15,133,7.21,5.0,8117,2.23,16.0,64,116,83,Diabetes,Never,18.05
