participant_id,date,age,gender,height_cm,weight_kg,activity_type,duration_minutes,intensity,calories_burned,avg_heart_rate,hours_sleep,stress_level,daily_steps,hydration_level,bmi,resting_heart_rate,blood_pressure_systolic,blood_pressure_diastolic,health_condition,smoking_status,fitness_level
915.0,2024-06,50.0,0,155.3,75.35,#TODO,63.85,1.1,12.64,125.4,6.99,4.6,8371.85,2.48,18.7,64.8,136.4,68.8,#TODO,#TODO,10.32
