participant_id,date,age,gender,height_cm,weight_kg,activity_type,duration_minutes,intensity,calories_burned,avg_heart_rate,hours_sleep,stress_level,daily_steps,hydration_level,bmi,resting_heart_rate,blood_pressure_systolic,blood_pressure_diastolic,health_condition,smoking_status,fitness_level
2853,11,58,M,168.7,113.28,Walking,73,Medium,8,116,6.97,6.25,8050,2.53,21.1,73,122,71,None,Never,17.34
